16291564867787505942135966610999111621308540036564398930810608363095516059530
48009296357314065789472206051904016203200334982214184207278476843119384188651
54481887666080607741253809672017312551833580999624978252845571265549043172347
16553393437663633532669309048038399074720092778282515149828301049947954783798
17520661490620815170860482816385246891159066784652031616255843993784513752223
1675746007323684071848931915980829534417171953108308460755026625093799719
1607512505741985933554384387786316065493433444941124911104260864057822429
816428862249040112609832249874086725296738540463212043459678602192043222
943876273031622894723747177705299500386298357908413105410150212617758743
757927108753798779139793800033553087201558722274934347768143607111432302
1171970691221598371353364835410375504005976362439716876670668396527023448
1574405754321834811812075937337343486096842432019495347562548508018179570
875362410505325231530027931714448528324041829192186139255080536215765311
626339657836434329957016770868420021879958833380826170267176598297987096
954594696409063419063775554099371955569330482420778002457504865953889463
978144091527676378509657145247451012113266142414363122604259869733370502
660204066237638563679789939471023145866400323676039969955678992305314484
1168360288439202255682778755953360372323437253737367032761448850402281690
385369782133998443628643146787397377369456303925783230794277815503751637
1041979204459458126229261690312358156096011061033331690104930773708475746
322233407365373786615565931655561455644480121663689750302750730916380705
557547304138767913243587806065409615162669737057635767314934672702809710
1646811539574821840133928118903913058354138880851857511524954513227301454
1653374239486994338175767049326974255546684090018321677638290729988282344
1108994802384230140821390366924705651101265819024456191516810810247032746
627426026177214883379295665166193614973310682440495770262081926581021029
1702800192722958895227178222239095757951303012542919334921932444149323864
886340228934316963057938468766529552051505290998749248046560193177827703
5250377435628442164755623382066630370531073210319320384607946065685931
1306709083662954365914739950400761787101517490610752299102296745048647845
657737022885549125467302094916848815525420035912729132099987818793520976
1601100396212931304991300724112452599195576015807436467325899166357125818
1493467912117303524106048219919753736215353565684073484502912385811686481
860837272233420875013376200011945098801911642475633786593826547353671629
662231276288725372803662749489080462147448114666026178900548000406447324
567026470954467309118419962808562214685393688357955487372668514954654666
962555119344220408244604839114988216285878006263322541564885516769212313
604099980075997603817886167997132142660706221673180910482088142517609488
1106621467009115487019768966787874666193388326275264400059059622737470540
1239491957943139975567155065736082638738169842896551649586828108772394664
1404510082220937111374438177176755691631630397088077211756291775637206576
754047610212675159186641236949863265031636349364693977297933297621686466
502284676045913965802660234181758046684880834367761964232029891097563800
601483075172080303262021797164484513507267681787852582245226437048695155
1752492653483058434256401052828283730982277921475033196148341431695376851
1721870538311812424821469663767018617380775060031386483290309671479047207
65242655469544227655713597863865519488562228815584254572798760615849254
507186653859148510136598190096730088485649243651467906770446865782128789
1109279347638140661139245019953887897708747248485221229878157986567186604
1148122328658035327755238811997488002969169838326580099387537879915421011
1604356115622247039065583058351313508967330525105930598845211964883115735
1297233861160555343266614342599509390047398575550471982284426121355848085
192594940822646870773861463924259999530631269445354096023616593410156324
156499642132108677181282703447773335117062715713204918852022760814577890
1562304255641913949865637251160143821962343521655767578483567535690213173
595022160606872004676533700634124096139048930276272247483490088738742084
247844842633477273181402191760519645063591865053271840792229389221346422
475041374979514417292179616192547588974285942718131212625420119089005825
698970867518821953622345394272674335415071161568437813801635683870258021
577682722595384074329866134185618249183512809065500206139680044678403827
351652152811549736654501796396787619113081099706822108799591005852316195
1012959856128266297094167323203712250789053738056429461726378172153859504
1331600974393895491913024940923363500059744917796172286514307585624864416
540180172433495133249111844912332130380265887064899452268568953261821966
1400729933179430869359078678226362882166159077299763352450325192527590871
208290490818969570810323733749568009354884233963026284253397041692056019
869710412311011241539706924105870265556464885002092099986513226358070892
1671587116175003866572099563863028717204132555175232621800872070273824566
1422807102760240007033769794234662894340735059233419059824603176109112718
1366029590779451775605349552852107299341060145025167566641862703602554792
368648439044643961948352764581045663913309130527638680252082459880782940
849305104874651105386039056518736264094143320690913264663954171918160732
1618115639641794926170141837099724730066771514686795571474408481678816079
1476592333050445342808780488417575887605758367598906565380727477294319224
1759708355522376516628231316926234061336862744267007154445469406618817303
747960379842713159009081370040899022133633375255948352860664487411612480
265209131315284336533568314008513248758517346894523216908975761067159720
1022288497372023519007357188082900935162323935280698944038485614904634058
1315606104284945215144974901060972120257112843180976233199678472478631557
1462096039122920302490645542071847224819687628103208555938268447923639092
80401806572838478809207067060999212671237450273371840600797375563761161
261640346328264633663548304176739433512995385343550441636951334591615660
83863885152028451874404084812641784285206936085731538199032881890941443
145578023911193752777566019109607052290646266715870409776629533294000352
31095278207265789648601989925302776136750282736042456770606351992882496
1482594233313699717039954887100132503455612821954026841169513732608287187
479244939012455667699355014029972089778551743963324851627128130428387673
173464294637072460055401366081967740992972765225788620368299096933841233
1174929857284938529750813216457166882680041496062904694964014365869488606
855769868356345990422433646872019368071399291896294725527289556708328042
1161623896222525061795322770044025784143670054484734589577283993641053490
816726777276975951589603987140501380303983780804960056798720340097853088
788178098185217142838202367134606175564828477748468567166442722407713489
1042270809542437153199706468202405220977521833017111533216428068851175198
321266125476626134931738517019288762015407023732042914380064754389684424
1292494595755260578261711563416521711296294764215778702891165674916256514
594383208187538705228051472920512833199822944771365459352058096138111644
161587519926953318004201267337985587314447682418833383344140118716114128
405459779280207835653137309998305587052968436984564358307055585537056248
648584119751424857594484563849312906971268753201871701414432190445704417
1367906014070077826229178267996028795506161136688813538998814783614359988
1591624308801888909926838792331438171391611743963073976237708307111356868
455868925217679571761185257231760006885581329485609995137191653397842140
1708081632486203114965044546005859982147461563685301546070857996200808764
100272887972825118639365825038501872772079314572530103009115957924658127
194815103199448659427787118156560019958854412508145324588564942944855671
1095857751872405328502657484112789132638658850167731626250751640832707483
790432391779147617514854845749184616115107281879463307075399055889954237
1670195524888284715204277823795014084340615038409697973066673053589943754
1765368668920261869412795694895357531061596957310998859685312149788179497
1762002637902460491714622732328402629712024912169955588246828671866438455
574014353416291478566155806354116931522160294804880548318703387038210105
136435645351998928229965462207258364002479724639949616378288376894386174
637183816169933095032317649806000691180052691368701735960193579566400107
1095604936807327654417831460259898634187548501489082713507838124960553566
1512874807708213774978424771863590709712799731740569196181015167297367996
1105268248176618371821950177280520048159150660829754416609128093589175731
806939074130368541841889611044919620522983047212497042791506680902265229
969925229924151982521262748293677115119001795767597467662271151682088102
65506884339685529426641897149145252136680495777151480285736986819860537
1375103277906668482218863789007394340461456647609975548546343533626958452
947277654245613949659167132990992353743213415994893346222900632961383861
245337641860174619051948989723959378292488974593914828293014239831357554
1368266383315371246312772230100821867338669666707791681850844219704314091
1582015798120994536721305291625364775522046758410187079832817188066891935
336324716035965062969726563563098380894207799439056710794362557867720175
51187180154192171974896742445216260181033896875300885425498496229426446
86171118717457221701094148584000012039166983499148194580121268062463639
1449685163240795147117829515795066082013791195138160828147572408845398463
777408947423750567081703708861073064133708110890817267330535589879579927
751485572010757392427301565133773124488376639778157979798272268709147463
245187851802396915366060109812835088167669943111347556381880413574454811
1662718957797650936280726389533136523947852664085241964089632714710089879
561004962941661428436578780503538820854239795479799189957001476150247567
1302729857895966724876235178906458722970666326142670247519122421538552362
1293720622562457698780582087074291196643635071951418112142748527090896679
229602428391686146218804325111352927576820981143280635952893757410459926
1538826378176048073478373605108047177670079997579240704524348841058604449
542474243084071155329021099164454679416754958032428736148804942287066271
1218858265326525944684638422893619460895340935511234460579076417858654224
813682401272268684072108921339054234653178468210724488832848821962138271
531368600122604138432706797530314913996004484929925402915279496574045603
1685068798124453640208522623390164792045025801634516303439511298697031010
1043281564195898074343665791793329955738553191647472042247068993642919951
603063371536410371824037988751963660547842215430523658012260907273649126
386611930235934004202152469108348423983525022547943314733566949405612077
878160433749235513223209991485342949553132429357403523906674409872192802
1409720538725357631748521310983811851796207270751371307037146818972833274
1558608187820408430566262477798486991943383321727491287181066710031849399
437661572030999894143075974771742723465255660072186815277760874164082224
745013286106094692841733228084743441116377216154147206160775719942601704
1660036100863957191458870578267266490413519588945037763804044491752613639
322678190578528306629727297180623076613539770619066071260633745959380696
1098998766221124093186462351056224819511668601572369688644152892441716564
402577253363956514814114109078662790754419698111567833882148690771791573
826509548568696038714329796191884347658951785889915707256453554060613223
688357276897409152220045636172020002947277235723792422347984714409517127
319198311449018360278724539665747241102640060081586852656742025101784429
1255127344816008364041020220254446058336019430121303939290711928097447403
848358712850014263442924050119115608202395443311414402558096268872153806
435384145451780207021863493314996024704211616828313410765193464551526610
1363709011014464156388854746621615488844540944928438292103034261282136340
188074875841869045456223076723698363462669428126725906695632403713737796
1369247695152139564135269819094046223682461697675967291750945426294428670
1261216261149703922161690786520523274233275871573428076474709249938138826
1150910704469706081579825664083398946087698524361434174452225121771913557
1111834644466460148467670229787746832505686747734225450118609726569936019
578290212119340786488457113118921803067622042213474320204239019600119334
128973703008119247155879020179396234854521621709375147291099499245918020
406625081827800216778970154144067331951163842656422729437189031784606495
248705240042435494300839845635217376958910936558110045146613938776244013
292558001766641747773543981753387764376905269142335515202970540057648913
1737877140983024990701151880803305511582800058844106723584100410583042035
835518338976674700162710201372429301802142510985967206913259737910993147